# rtemis_color_system.R

# rtemis_colors
rtemis_colors <- c(
  "#6CA3A0",
  "#F08904",
  "#BE2E5F",
  "#B3CFE8",
  "#4F662A",
  "#FDB808",
  "#466D96",
  "#EA384A",
  "#ECBDC3",
  "#F384FF"
)
